12 28.01836800801277 92.24291837510992 -7.998723384606592 -16.99931887993023 34.23169351231087 -83.29445670318798 18.440650971443873 -24.895750572337462 -71.47176065034068 25.965184945495267 -30.452259323180257 -63.46997549449034
11 -3.7500574220967735 -55.54732326548819 -26.698127711365288 -93.10032953340696 21.833420668455304 -33.89469715173263 78.49622121501005 -79.31313613865147 -0.11461438833873672 35.68415308311717 -46.39558350642825
13 83.72026144319537 31.843233116307715 98.0660552229279 4.111676321798271 -66.23642843143762 -86.06704178071554 -89.35852806589082 11.81485025891024 89.18283597598003 82.59477306743003 93.06125781334148 -23.839207305238787 -11.517088669542332
26 71.77485692495031 94.10477342857953 48.632719639257544 -61.7213879047622 42.885296353327504 16.648550420990745 30.146342216165607 52.911144294862964 56.27315930516369 -95.78434957486925 36.99599083369196 -65.95884612881942 -73.30242780610095 47.776243517205955 -77.92486791747152 76.5749298671382 29.120973504979787 -3.3051484227836596 44.63152247836007 18.575836942409566 -80.10183071428914 52.31172452656807 26.023595851993292 94.83889979109702 -85.87443224783169 -22.859567972218883
26 -14.28795365587554 75.94144729099492 60.887327195573874 -49.48608394537424 7.69041678851481 -75.96839007285779 5.4084695838507315 29.427573058701768 -21.946592652271633 83.23739396307354 -12.320678543912592 -13.207190713117384 49.97324632081197 -4.210237605355417 -80.86419260120357 63.332929271517315 54.89824273697778 -56.866135197256405 -0.5097880124094019 -55.71750114526173 52.999267691568946 -31.80329172200429 -72.84262448168582 -74.04211892239867 -45.521294255461385 -51.793837894021856
24 -78.04392520366703 73.72705334935526 -7.701410679051946 84.98928189982809 -80.46363012486499 -40.335700511757345 0.4031821589980211 31.56051528198745 -85.71866162981081 82.54467064615642 37.32760200621382 77.75205440286811 -89.55478856204282 74.4251814736366 14.27160116478197 5.372124562020105 -35.62871117278014 -72.48035977644733 42.17942220807589 -21.553369526143726 3.975448816922068 98.61434995127036 -78.7355904118908 78.88060878394776
20 -42.147515673960555 71.7286979864455 -8.031677966451795 -95.47041403160162 7.759376026592534 7.740128101833392 -42.02625109242537 -65.58528558516127 -63.814705205641275 34.27473956795484 -61.56208002266401 -16.340539822585853 92.61871947661112 -87.74070049134177 -53.5691687584426 -68.88823607812157 -17.549662377716174 32.305911195151 49.61988659956498 33.1509270117553
14 -29.858523231495383 68.64933469100197 19.762223053190326 -49.823252603665225 -5.496588269065029 65.78629063884378 -87.90907514476334 70.00210507876585 53.82206478951127 -73.39855144599032 -77.13793162539446 47.89817980858868 -24.840577056723106 -70.70829827756695
21 92.71221202526917 -93.85466579345749 -9.41074670071238 -97.68516558542456 7.690003509014829 95.2403445395974 -30.05695796304302 -29.44844475465294 -37.553799999607996 -98.88411122589203 25.347441089703523 -77.52200121550807 -51.68492660982593 -95.80509605652033 14.436010599828947 41.15969930898288 -49.82043738414621 95.57067357183774 -95.89440069440427 58.27975939369469 -37.763739942665666
15 -65.16572159738138 -43.771114360390804 74.4839543628598 49.620760551259906 75.11562671780149 29.478756782163686 30.657736074585898 -70.87618255072876 23.75425617238271 -16.546955908651412 -10.468973955282351 -67.18660008431678 70.45229683531761 -86.4148195635009 85.83078302750414
14 43.26740672944916 -53.63280672489057 8.424438029710089 65.31340273277021 99.663652241005 77.72372130594101 15.025490177636883 77.87059592676246 32.80572705465164 -30.555690176057126 -61.502994380746024 32.365377431886316 -71.30606827843616 25.03567277840837
12 26.4037009146072 -52.6085703907327 0.9372530267793593 27.207967520727962 -85.73202707794825 54.996478846576736 -24.55353793800539 -93.9264068956533 -65.84605052564541 89.29919993566443 -27.417314759402316 -48.76154072602154
29 57.68579365567351 -77.30467606370365 7.13937712854829 -68.66710273760937 36.62203152374491 79.19290226800484 15.305756227989804 -48.397833686795956 77.56695716317569 -37.44958390195823 16.153817697367145 50.09549651930939 21.68998875481911 -13.608437326539274 19.279534127275028 -21.968133349780004 -10.151596585508528 1.2076458017292993 -61.5444123615599 63.6021998393914 -14.798212511712919 83.2319922493092 -20.4998188930241 8.240640802839366 36.27871805639958 -34.379686268466585 71.1934302685307 69.72646970068689 -92.78013630444666
17 0.07619761585746687 -99.13615808660101 -0.020210417054485674 11.490450646520415 -62.094775528154386 -78.4018214411403 29.924605534581815 17.88990770764238 33.29512064125419 -94.345312248438 -73.48114432947533 11.389608237523419 -18.37486699458421 -75.39487262837682 -74.10132717279802 70.55333486222403 -72.81617012762345
15 -2.36718420518325 43.90400094867027 16.533356235612715 18.493431948301705 4.382063053132995 -13.965233798830965 41.04465384127738 77.6219537679288 67.29893119348145 -19.138309132686288 -74.25668026279664 -22.038781271350018 -95.78994971076706 44.03023024464065 -63.678515551655
11 -47.10808152507329 -91.55865368867153 -17.991235228272146 80.35956701476744 -72.27499036928222 -86.79969397753568 -44.60426796991634 -23.962622081039882 -54.52999168230595 91.15673885140731 -12.532122899536887
19 -54.652614401024 73.03967937781366 -68.85823804053814 -2.2419792868693804 49.61150554265154 -15.80758054614357 2.207992397952168 -48.69109612769804 8.064426212820976 -39.90365386275039 -26.532086664081376 -5.020921048088283 54.273905165915124 -82.77543107395609 35.18724013071002 32.35438971077252 -40.58721292220822 -58.35478762587088 -49.77419525538303
30 -53.40863701299428 7.972517137181086 65.47422325624424 1.8609591576397975 -80.18364574999246 -35.483736174603536 -38.39487228991425 83.47015412065815 -88.59479614783228 -1.4592279926883833 -85.52723805116977 55.68736144222271 -24.54825543746388 -64.78022166802606 -82.79245399147646 -47.95596851778379 30.629922631810587 -77.12096779676234 3.036331301206758 51.419064268652846 54.260127740728734 92.02115061342994 -2.0423635916762635 -32.78248764311758 68.62759108125937 67.55957221248832 18.317510690500185 -63.43613020387322 -24.92748862395932 -56.07246343725356
10 -61.51768516837808 76.07060142016243 47.69051219139175 63.37685623821466 -98.23131949328265 53.260844363295575 56.23517927145704 88.39141923699944 -84.7280172410064 55.15781778791026
14 66.9443549784649 -55.916257861020014 -75.9097544379461 -52.24124685316278 84.00083337760907 -98.31735962224471 -24.822916252672186 -63.833228735374156 69.3459454331203 53.42997144271857 58.69300394698058 54.68370331758143 39.61487518987218 28.341235761429857
